11.438477600000002 5.5789234
15.936720384615386  5.5685389999999995
9.130615  5.672359999999999
20.477673285714285  8.266445285714285
14.584125166666666  -9.6811405
6.125382952380952  -5.674986285714286
11.956139499999999  -16.916639
6.9883792105263165  5.607320210526315
8.874385759999997  -11.530324919999998
14.64661725  9.602481749999999
15.498760071428569  -5.719052
16.0707475  8.90671400000000
10.55796124  -5.75096752
14.123203333333334  -23.97604
16.948304714285715  9.813474714285714
20.876650666666666  -9.331143
11.997742333333335  -9.486642999999999
9.092511499999999  -9.780388333333335
29.084385999999995  -5.8138014
29.340376199999998  5.331936799999999
7.318478000000001  8.344728
20.337383111111112  5.618919555555556
42.49409633333334  -5.972307666666667
12.230303999999999  -16.03609966666667
24.830879  -5.73325775
13.416679  -17.643036000000002
19.93327175  -5.795113666666666
24.6091566  5.3660184
11.877949000000001  -13.906709999999999
14.903388  -11.3341975
22.3269616  9.848874
35.9120865  -15.4285985
6.051943  -9.4996475


